-1.550096869468688965e-01
2.288489043712615967e-01
-2.401253767311573029e-02
-1.255911886692047119e-01
-9.628203511238098145e-02
8.988418430089950562e-02
-4.048518836498260498e-02
-6.483812630176544189e-02
2.191898971796035767e-01
-7.089842110872268677e-03
2.855055630207061768e-01
-8.207511901855468750e-02
-2.283709198236465454e-01
-5.472860112786293030e-02
-2.655737847089767456e-02
1.121822297573089600e-01
-2.818864285945892334e-01
-1.979448646306991577e-02
-1.013458967208862305e-01
-1.133408397436141968e-02
1.210188046097755432e-01
6.757913529872894287e-02
4.621030390262603760e-02
2.787666767835617065e-02
-9.279428422451019287e-02
-3.527527153491973877e-01
-5.158226191997528076e-02
-1.228243485093116760e-01
1.570141762495040894e-01
-1.357004195451736450e-01
5.921841412782669067e-02
-7.109327614307403564e-02
-1.632622927427291870e-01
-1.611900329589843750e-02
-1.521487534046173096e-02
3.524288907647132874e-02
-9.652748703956604004e-02
-5.886391550302505493e-02
1.741670668125152588e-01
-2.794883400201797485e-02
-1.206385865807533264e-01
9.529966115951538086e-02
3.630711510777473450e-02
2.669990062713623047e-01
1.866723299026489258e-01
2.776320651173591614e-02
-2.358536608517169952e-02
-9.180982410907745361e-02
5.726250261068344116e-02
-2.667151987552642822e-01
8.512806147336959839e-02
2.126611918210983276e-01
1.108376681804656982e-01
9.292019903659820557e-02
1.478932350873947144e-01
-7.487427443265914917e-02
4.005730152130126953e-03
1.842596828937530518e-01
-2.025393247604370117e-01
9.999883919954299927e-02
1.213351488113403320e-01
-8.492544293403625488e-04
-2.290090173482894897e-02
-9.059005975723266602e-02
1.986451297998428345e-01
1.523500531911849976e-01
-1.331167221069335938e-01
-1.518633216619491577e-01
9.906366467475891113e-04
-1.157699376344680786e-01
-7.938809692859649658e-02
5.830318480730056763e-02
-1.091057509183883667e-01
-1.864349097013473511e-01
-2.396176606416702271e-01
6.261241436004638672e-02
2.970929741859436035e-01
1.683404743671417236e-01
-1.909764409065246582e-01
3.261012583971023560e-02
-5.569105595350265503e-02
-8.489646017551422119e-03
6.785909831523895264e-02
4.503373056650161743e-02
-9.723880141973495483e-02
-9.532643109560012817e-02
-5.402711406350135803e-02
3.412495553493499756e-02
1.054943650960922241e-01
-6.616203486919403076e-02
1.552734524011611938e-02
2.941604852676391602e-01
1.970391720533370972e-03
-5.096603184938430786e-02
-3.103889897465705872e-02
-2.996429800987243652e-02
-7.384222000837326050e-02
-5.252950266003608704e-02
-2.562765590846538544e-02
-2.618882060050964355e-02
3.495384007692337036e-02
-1.195216998457908630e-01
-1.354898512363433838e-02
3.863994032144546509e-02
-2.310601025819778442e-01
1.422386616468429565e-01
1.629503816366195679e-02
-6.015639752149581909e-03
5.807118117809295654e-02
-2.214851975440979004e-02
-4.084049910306930542e-02
2.572305500507354736e-02
2.016746103763580322e-01
-3.148607611656188965e-01
3.224593997001647949e-01
1.713604927062988281e-01
2.614111080765724182e-02
1.329416930675506592e-01
5.618783831596374512e-02
8.606370538473129272e-02
-2.767294645309448242e-04
6.616596877574920654e-02
-5.509987100958824158e-02
-6.008259952068328857e-02
-3.973171114921569824e-04
-2.196488529443740845e-02
4.516050219535827637e-03
-9.532488882541656494e-03
