-1.518219411373138428e-01
2.316386550664901733e-01
-2.227541059255599976e-02
-1.241414472460746765e-01
-1.022719293832778931e-01
9.660150110721588135e-02
-4.191704839468002319e-02
-6.665742397308349609e-02
2.164472043514251709e-01
-9.576510637998580933e-03
2.872308790683746338e-01
-8.146876841783523560e-02
-2.283201813697814941e-01
-5.616916343569755554e-02
-2.568921446800231934e-02
1.175266429781913757e-01
-2.740911841392517090e-01
-2.424357086420059204e-02
-9.987752884626388550e-02
-1.247259974479675293e-02
1.184897571802139282e-01
6.149553507566452026e-02
4.208721965551376343e-02
2.471948415040969849e-02
-9.811227768659591675e-02
-3.456381559371948242e-01
-5.167695879936218262e-02
-1.211421117186546326e-01
1.533261984586715698e-01
-1.419917643070220947e-01
5.745542794466018677e-02
-7.280009239912033081e-02
-1.607282459735870361e-01
-1.404911279678344727e-02
-1.483879238367080688e-02
3.334629908204078674e-02
-1.000385284423828125e-01
-6.044113636016845703e-02
1.740523576736450195e-01
-2.876767702400684357e-02
-1.231012642383575439e-01
9.671007096767425537e-02
3.540273755788803101e-02
2.636310458183288574e-01
1.814036965370178223e-01
2.854716964066028595e-02
-2.512968517839908600e-02
-9.452426433563232422e-02
5.849356949329376221e-02
-2.665956318378448486e-01
8.353950083255767822e-02
2.136325538158416748e-01
1.090637072920799255e-01
9.540055692195892334e-02
1.441565155982971191e-01
-7.067042589187622070e-02
8.814126253128051758e-03
1.835721433162689209e-01
-2.045678794384002686e-01
9.615015983581542969e-02
1.229760348796844482e-01
-3.558158874511718750e-03
-2.605262584984302521e-02
-9.658455848693847656e-02
1.965073496103286743e-01
1.531995534896850586e-01
-1.323775947093963623e-01
-1.490359008312225342e-01
-1.092970371246337891e-03
-1.139643788337707520e-01
-8.269029855728149414e-02
5.557322129607200623e-02
-1.071530282497406006e-01
-1.890480816364288330e-01
-2.433488816022872925e-01
6.218801438808441162e-02
2.932945787906646729e-01
1.753720790147781372e-01
-1.914351433515548706e-01
3.150192275643348694e-02
-5.068790167570114136e-02
-4.480347037315368652e-03
6.579601764678955078e-02
4.359284788370132446e-02
-9.919967502355575562e-02
-9.475107491016387939e-02
-4.827194660902023315e-02
3.188385069370269775e-02
1.055162400007247925e-01
-6.916648149490356445e-02
2.045077458024024963e-02
2.949758768081665039e-01
3.013279289007186890e-03
-4.804964363574981689e-02
-3.331943601369857788e-02
-2.883744984865188599e-02
-7.003325223922729492e-02
-5.431269109249114990e-02
-2.053053304553031921e-02
-2.396928519010543823e-02
3.411933034658432007e-02
-1.219485104084014893e-01
-8.940562605857849121e-03
3.870441019535064697e-02
-2.360656261444091797e-01
1.448307633399963379e-01
1.564594358205795288e-02
-4.208993166685104370e-03
5.783982574939727783e-02
-1.936633884906768799e-02
-4.031424224376678467e-02
2.564302086830139160e-02
2.018741518259048462e-01
-3.168329298496246338e-01
3.207347095012664795e-01
1.764457970857620239e-01
2.426449581980705261e-02
1.285049915313720703e-01
6.262703984975814819e-02
8.696240931749343872e-02
-4.130631685256958008e-03
6.296376138925552368e-02
-5.542907118797302246e-02
-6.193720921874046326e-02
2.499163150787353516e-03
-2.646215260028839111e-02
2.989262342453002930e-03
-7.779620587825775146e-03
