-1.257423311471939087e-01
2.331711500883102417e-01
-9.894543886184692383e-02
-7.971888035535812378e-02
-1.129507571458816528e-01
5.529673397541046143e-02
-3.343203663825988770e-02
-5.390632897615432739e-02
1.680528670549392700e-01
3.262311220169067383e-04
2.546590566635131836e-01
-1.099640354514122009e-01
-2.591587603092193604e-01
-7.875371724367141724e-03
-8.487652242183685303e-02
1.406969130039215088e-01
-2.239576578140258789e-01
5.665104836225509644e-03
-1.673751473426818848e-01
-1.434715092182159424e-02
9.604169428348541260e-02
1.151104867458343506e-01
5.068351328372955322e-02
1.073629260063171387e-01
-1.359165608882904053e-01
-3.155634403228759766e-01
-3.888861089944839478e-02
-1.034431755542755127e-01
1.311198174953460693e-01
-1.509162783622741699e-01
4.718466475605964661e-02
-2.320885658264160156e-02
-1.742484867572784424e-01
-1.052147895097732544e-02
3.945884853601455688e-02
7.162589579820632935e-02
-5.324967950582504272e-02
-4.145171493291854858e-02
1.437805742025375366e-01
6.427940726280212402e-02
-9.868118166923522949e-02
1.036789864301681519e-01
4.460932314395904541e-02
3.384745717048645020e-01
1.728456616401672363e-01
6.641161441802978516e-02
1.520878449082374573e-02
-1.481279581785202026e-01
7.592210173606872559e-02
-2.858685851097106934e-01
5.864340066909790039e-02
1.737837493419647217e-01
1.075551062822341919e-01
9.314511716365814209e-02
1.148965954780578613e-01
-1.086971163749694824e-01
6.028285622596740723e-02
1.785917580127716064e-01
-2.221431583166122437e-01
1.082036495208740234e-01
9.882572293281555176e-02
6.399277597665786743e-02
-3.581743314862251282e-02
-6.068447232246398926e-02
2.109133899211883545e-01
9.576670825481414795e-02
-1.564087569713592529e-01
-1.176226884126663208e-01
3.498253226280212402e-02
-1.906367242336273193e-01
-7.254267483949661255e-02
5.846903845667839050e-02
-6.108794733881950378e-02
-2.166787087917327881e-01
-2.788085341453552246e-01
6.018052995204925537e-02
3.495044112205505371e-01
2.172021567821502686e-01
-2.129684388637542725e-01
5.082749202847480774e-02
-3.668311238288879395e-02
-7.782302796840667725e-03
8.202064037322998047e-02
5.669726431369781494e-02
-1.191791594028472900e-01
-1.102046370506286621e-01
-7.076536864042282104e-02
5.413044989109039307e-02
1.728104352951049805e-01
-7.478620857000350952e-02
3.315661847591400146e-02
3.192277550697326660e-01
4.631499201059341431e-02
-6.113164871931076050e-02
-2.372821979224681854e-02
-1.361550390720367432e-02
-1.297543197870254517e-01
-4.453287273645401001e-02
6.726868450641632080e-04
-6.846264004707336426e-04
3.673624992370605469e-02
-1.274204105138778687e-01
-2.181999385356903076e-02
2.614301443099975586e-02
-2.566661536693572998e-01
1.798978894948959351e-01
5.802012979984283447e-03
-6.037525832653045654e-02
5.788732320070266724e-02
4.169404506683349609e-03
-1.056820973753929138e-01
8.573412895202636719e-03
2.109812349081039429e-01
-3.341236114501953125e-01
3.052107393741607666e-01
1.987005472183227539e-01
3.884045034646987915e-02
1.284808069467544556e-01
8.152153342962265015e-02
1.033941954374313354e-01
4.387440532445907593e-02
8.617761731147766113e-02
-4.253866896033287048e-02
-1.155087426304817200e-01
3.174459189176559448e-02
-9.769187122583389282e-02
-2.197667956352233887e-02
-4.249891266226768494e-02
